LinearRegression:
  class: LinearRegression
  mean_fit_time: 0.2282431602478027
  mean_score_time: 0.0364636898040771
  mean_test_score: 0.6801270723342896
  module: sklearn.linear_model
  params:
    positive: false
  params_best:
    positive: false
  rank_test_score: 1
  split0_test_score: 0.72313392162323
  split1_test_score: 0.6926412582397461
  split2_test_score: 0.6735624074935913
  split3_test_score: 0.6618589758872986
  split4_test_score: 0.6494387984275818
  std_fit_time: 0.0533592269336131
  std_score_time: 0.0220690721587941
  std_test_score: 0.0257867495519631
  is_regression: true
