OrthogonalMatchingPursuit:
  class: OrthogonalMatchingPursuit
  mean_fit_time: 0.0212039947509765
  mean_score_time: 0.002935791015625
  mean_test_score: 0.6531444744550965
  module: sklearn.linear_model
  params:
    normalize: false
  params_best:
    normalize: false
  rank_test_score: 1
  split0_test_score: 0.6672288781296402
  split1_test_score: 0.6589227999251204
  split2_test_score: 0.6614950926310207
  split3_test_score: 0.6564316758655775
  split4_test_score: 0.6216439257241232
  std_fit_time: 0.0071676390050187
  std_score_time: 0.0014484705578411
  std_test_score: 0.0161529103228526
